00000000000000000010001000101110
11111111111111111110110000100100
00000000000000000001011011010100
11111111111111111111110100001101
11111111111111111110110000100100
00000000000000000001101101100110
00000000000000000000101100101010
11111111111111111110010011001100
00000000000000000001011011010100
00000000000000000000101100101010
00000000000000000011010011100100
11111111111111111101000101110110
11111111111111111111110100001101
11111111111111111110010011001100
11111111111111111101000101110110
00000000000000000011010100000111
00000000000000000011001011101111
11111111111111111111111010000001
00000000000000000000011111100111
11111111111111111111110010001000
11111111111111111111010101110001
00000000000000000010101000001011
00000000000000000000001100101111
11111111111111111110101101101111
00000000000000000011111101011010
00000000000000000011111001110000
00000000000000000001000101000100
11111111111111111101101011100000
11111111111111111101100011100000
11111111111111111011010100000111
11111111111111111111000100011111
00000000000000000010100110000100
00000000000000000010101011111010
00000000000000000000110111011000
11111111111111111110011001001101
00000000000000000010001001001010
00000000000000000101110111010010
00000000000000000101010001110011
11111111111111111111011101110011
00000000000000000011100110011110
00000000000000000101000011000110
11111111111111111101000001010001
00000000000000000000100000101111
11111111111111111011011100011110
11111111111111111100010100010000
11111111111111111110101011000110
00000000000000000001011110010001
11111111111111111100110100011011
11111111111111111111100100100100
11111111111111111111111111101100
11111111111111111001010111100011
11111111111111111110001110100111
00000000000000000010110011011011
00000000000000000100100100111001
11111111111111111110010001101000
00000000000000000000010001110110
00000000000000000110100010010100
11111111111111111111110100011111
00000000000000000011000010100111
11111111111111111101000000000010
11111111111111110101101100110000
11111111111111111110100101110100
11111111111111111100001101111111
11111111111111111100001100011011
00000000000000000011010101101010
11111111111111111010001010011100
11111111111111110110111001011111
00000000000000000011111100000100
00000000000000000011001111100010
11111111111111111100100111011011
00000000000000000000100011111010
11111111111111111101000100111111
11111111111111111101100010111000
00000000000000000001000010100101
00000000000000000100000100101001
11111111111111111111101111110011
00000000000000000100111001100110
11111111111111111010011010110011
11111111111111111001001100101000
00000000000000000001000100001011
00000000000000000101111101110101
11111111111111111001001011011000
11111111111111110000100111101111
00000000000000000110110111101110
00000000000000000011100111010111
11111111111111111100111001000011
00000000000000000011111011011010
11111111111111111101101101001001
11111111111111111011111000111111
00000000000000000101101101001100
00000000000000000110011001111011
00000000000000000000010111110100
00000000000000000111001000000011
11111111111111110111011100111000
11111111111111110111001000111100
00000000000000000001101100111110
11111111111111111100010001110111
11111111111111111110101010100010
11111111111111111110111111101011
11111111111111111110111101001110
11111111111111111011001110001100
11111111111111111100110000001101
11111111111111111101011101000111
11111111111111111110000101011011
11111111111111111110110110001001
11111111111111111101111000000000
00000000000000000001101011001011
11111111111111111100110111000100
00000000000000000101001000010010
00000000000000000000111111110001
00000000000000000001110110000001
00000000000000000000100000011001
11111111111111111001110010111111
11111111111111111110011011110111
11111111111111111110110011100111
11111111111111111100111000110000
11111111111111111011110010010111
11111111111111111001000011000000
11111111111111111100111111010011
00000000000000000001100101000000
11111111111111111101110001101000
11111111111111111111001011000011
00000000000000000101010010101010
11111111111111111011010000011010
00000000000000000010000011011001
11111111111111111101111000111001
00000000000000000000110010111110
00000000000000000000010011010011
11111111111111111111001100101110
11111111111111111110111010101111
11111111111111111110010101110001
00000000000000000100000010010100
00000000000000000000110010011110
11111111111111111110111011001101
11111111111111111111100000000011
00000000000000000001001111100111
00000000000000000000100101101111
00000000000000000011110011011010
11111111111111111100001110001000
11111111111111111110000101111001
00000000000000000001000111111101
00000000000000000000100100101001
11111111111111111111011011110001
00000000000000000001000000101110
00000000000000000001110010100100
11111111111111111110110111000111
00000000000000000000010011010000
00000000000000000001000001001110
11111111111111111111110101100000
11111111111111111111001010111000
11111111111111111111100101000101
00000000000000000000101100001100
11111111111111111110110001100101
00000000000000000110101111110101
11111111111111111110011101111101
11111111111111111110001011010111
00000000000000000000010001001001
00000000000000000010110101000111
00000000000000000010000001111110
11111111111111111111001010011010
11111111111111111101111011110100
00000000000000000010010001010110
00000000000000000001111100001110
00000000000000000010101111010010
11111111111111111110001100110000
11111111111111111111000001100000
00000000000000000001000111010111
11111111111111111111011010001100
11111111111111111101010101010010
00000000000000000100000000010111
11111111111111111111111001101000
00000000000000000100110011110110
11111111111111111111110110000110
11111111111111111111111001010001
11111111111111111010100111011101
11111111111111111110101101010111
11111111111111111101110110010101
00000000000000000010111000111000
00000000000000000100010100001110
00000000000000000101010001111001
11111111111111111101010111110110
11111111111111111110110010011010
00000000000000000000001010100001
00000000000000000001111100101110
00000000000000000000000000101110
00000000000000000101111101001011
00000000000000000001000010011000
00000000000000000101100001010110
00000000000000000000110111110010
00000000000000000001000111001000
11111111111111111001011011111111
11111111111111111110100110010011
11111111111111111111001100001110
00000000000000000000100100100011
11111111111111111111001100000100
00000000000000000000110011110011
00000000000000000001010001001100
00000000000000000000111010110001
11111111111111111010110111100110
00000000000000000001000000000101
00000000000000000001010011110101
11111111111111111101110101110100
11111111111111111111010111101001
00000000000000000010110000101110
11111111111111111101110110010101
00000000000000000010100100101011
11111111111111111111010110001011
11111111111111111111010001111001
00000000000000000010000101101010
00000000000000000000010110010110
11111111111111111011111011011001
00000000000000000010010100001011
00000000000000000110011001000000
00000000000000000100011101000111
11111111111111111001100110100100
00000000000000000000010011010010
00000000000000000010011010001101
11111111111111111111011000111010
00000000000000000000011000001110
00000000000000000010001111010111
11111111111111111010000111011101
11111111111111111101001100010010
11111111111111111000100101111101
00000000000000000011110111010110
11111111111111111110001101011010
11111111111111111110011100010101
11111111111111111100111100101010
11111111111111111110011111001111
11111111111111111111011100000100
00000000000000000000101011111000
11111111111111111101100101000001
11111111111111111111111111000111
00000000000000000000100101101011
11111111111111111111110100111011
11111111111111111100110111001111
11111111111111111010101100111001
00000000000000000010011000100011
00000000000000000010101010100101
11111111111111111110111000001101
11111111111111111101010010010101
00000000000000000011111111111010
00000000000000000000110011101101
11111111111111111100000110010110
00000000000000000000010111011001
00000000000000000010011000010000
11111111111111111111110101001110
00000000000000000001110100001010
00000000000000000000101111110100
00000000000000000110101110011101
11111111111111111111101111111001
11111111111111111101001100011100
11111111111111111101110000000000
00000000000000000000101011111111
11111111111111111111110011010111
11111111111111111101011101110000
11111111111111111110110000001011
00000000000000000010100111010100
00000000000000000010011000001000
00000000000000000011011110100000
00000000000000000000000101000000
00000000000000000010011101001000
00000000000000000001011100001010
00000000000000000010111101001000
00000000000000000010001001000101
00000000000000000000011100111101
00000000000000000000101110110010
11111111111111111111110100111001
00000000000000000011111011010110
11111111111111111111100101101011
00000000000000000000011111001001
11111111111111111111011001110110
11111111111111111111101110010101
00000000000000000000100100110011
00000000000000000000011101001000
00000000000000000010111000000001
11111111111111111110101010011010
00000000000000000100110100111000
00000000000000000010010011011111
00000000000000000011011000010001
00000000000000000011000101011001
00000000000000000000100110110000
00000000000000000010010110100001
00000000000000000010101011010011
00000000000000000110001011110001
11111111111111111100011101000111
11111111111111111110001000110111
11111111111111111011001010000000
11111111111111111011011011011100
11111111111111111110100101101001
11111111111111111101011101001111
11111111111111111110111100010010
00000000000000000001110000010101
00000000000000000000011110010111
11111111111111111101100000111111
00000000000000000000111110001011
00000000000000000010010000011000
11111111111111111100001110000010
00000000000000000001010101011100
11111111111111111111111010000010
11111111111111111111110001000111
00000000000000000000100000111001
11111111111111111100111111000111
00000000000000000010001001111000
00000000000000000000100101101001
11111111111111111111101011101000
11111111111111111110000011100101
00000000000000000001000110001111
00000000000000000010110010000101
00000000000000000010101100011011
11111111111111111010100110010101
11111111111111111010101111001011
00000000000000000101001101110110
11111111111111111111111111110101
11111111111111111111011111111011
11111111111111111010011110111000
00000000000000000011100001011101
00000000000000000001101101001001
11111111111111111010000010000011
11111111111111111101110111010011
11111111111111111111101100111100
00000000000000000010001000101110
11111111111111111110110000100100
00000000000000000001011011010100
11111111111111111111110100001101
11111111111111111110110000100100
00000000000000000001101101100110
00000000000000000000101100101010
11111111111111111110010011001100
00000000000000000001011011010100
00000000000000000000101100101010
00000000000000000011010011100100
11111111111111111101000101110110
11111111111111111111110100001101
11111111111111111110010011001100
11111111111111111101000101110110
00000000000000000011010100000111
00000000000000000011001011101111
11111111111111111111111010000001
00000000000000000000011111100111
11111111111111111111110010001000
11111111111111111111010101110001
00000000000000000010101000001011
00000000000000000000001100101111
11111111111111111110101101101111
00000000000000000011111101011010
00000000000000000011111001110000
00000000000000000001000101000100
11111111111111111101101011100000
11111111111111111101100011100000
11111111111111111011010100000111
11111111111111111111000100011111
00000000000000000010100110000100
11111111111111111111010010111110
11111111111111111100101001001100
11111111111111111101010011110100
11111111111111111111111111000101
00000000000000000010010001101110
00000000000000000011111100101110
11111111111111111010001101001011
00000000000000000010100011100111
00000000000000000010100100010000
11111111111111111101100000111001
11111111111111111000111110001101
11111111111111111111000110100000
11111111111111111101000001111000
00000000000000000000110101001000
00000000000000000000000100101110
00000000000000000011010110110100
11111111111111111011000001011000
11111111111111111011100000010010
00000000000000000001000101010000
00000000000000000001110100010010
00000000000000000000011010001001
00000000000000000000101101010110
11111111111111111011000011011000
00000000000000000000100111101111
00000000000000000010100100011010
00000000000000000000000100011010
11111111111111110111101001011111
11111111111111111110110101001000
11111111111111111011010110100010
00000000000000000001001010111111
00000000000000000000100011110010
00000000000000000011110101011101
00000000000000000001100011001010
00000000000000000100101100100110
11111111111111111011010000001110
00000000000000000011010011001110
00000000000000000010111101001100
11111111111111111101111100101010
00000000000000000001101000000100
11111111111111111110110100110100
11111111111111111110100000101011
11111111111111111110011010000011
00000000000000000011100100001110
11111111111111111100010111011100
11111111111111111101010001011010
00000000000000000000011101001111
11111111111111111101101111010110
00000000000000000011010110111000
00000000000000000000001000101011
00000000000000000011010000111011
11111111111111111011001100001100
00000000000000000010101010011111
00000000000000000011110011001110
00000000000000000010011011010001
11111111111111111111110010011111
11111111111111111110011010111000
11111111111111111100000000100110
11111111111111111111011001110011
00000000000000000100101110010010
11111111111111111011111111100111
11111111111111111101010011110000
11111111111111111110001111111111
11111111111111111111011110000111
00000000000000000010101001101101
11111111111111111100100000101100
11111111111111111011000000111000
00000000000000000001110010010101
11111111111111111101001111010101
11111111111111111110001110011000
11111111111111111111100001000000
00000000000000000010101011011110
11111111111111111110001000101100
00000000000000000000110101110110
00000000000000000000010011010111
00000000000000000010111010101100
00000000000000000000000010100000
11111111111111111100011000010110
00000000000000000000110000101011
00000000000000000011011110110010
11111111111111111101110111111100
11111111111111111101001000111100
11111111111111111010111101101001
11111111111111111111110001100010
11111111111111111100001100010011
11111111111111111100001110010001
00000000000000000000001010101000
11111111111111111101111100000001
11111111111111111111111000010111
00000000000000000000101101001011
00000000000000000000100011011000
00000000000000000100111100010000
11111111111111111111101101101110
11111111111111111110101000000101
00000000000000000000101101110010
00000000000000000011011000111100
11111111111111111011010011100110
11111111111111111010111010001101
00000000000000000000100011111111
11111111111111111101010101000100
00000000000000000000001110110101
00000000000000000100000100001011
00000000000000000000110001011100
00000000000000000101111010101000
00000000000000000000010100011100
11111111111111111100001100001010
00000000000000000011110100010011
00000000000000000001100100110101
11111111111111111011110011000010
11111111111111111110000011110101
11111111111111111111000001000110
11111111111111111111101000111001
11111111111111111101100101111000
11111111111111111011001111010100
00000000000000000001110101001001
11111111111111111101111010100100
11111111111111111110010010110100
00000000000000000010011110111100
11111111111111111111001100111011
00000000000000000101101111000111
11111111111111111100111111110001
11111111111111111100111001101010
00000000000000000010011100100001
00000000000000000000001101111101
11111111111111111100110011100010
11111111111111111101110110100110
11111111111111111100110001111110
11111111111111111101101111001111
00000000000000000000010010100001
11111111111111111010110010010000
00000000000000000010010111000101
11111111111111111100001001101101
00000000000000000000111100011111
00000000000000000001001110000111
11111111111111111110101011111011
11111111111111111100011111100001
11111111111111111111110110010111
11111111111111111000101010100111
00000000000000000100011101011101
00000000000000000000000100001011
00000000000000000000011110010001
00000000000000000011010100101100
11111111111111111111110010111101
11111111111111111111000011011011
00000000000000000011011111110110
11111111111111111100111001110101
00000000000000000110101011011100
11111111111111111111000010100100
11111111111111111111001000000111
00000000000000000011000010001010
00000000000000000001011110110100
11111111111111110111011110011110
11111111111111111110011101011010
11111111111111110101001010100000
11111111111111111110001110011110
00000000000000000011000011000011
00000000000000000100111000111101
00000000000000000011001100001011
00000000000000000000011000010000
00000000000000000000101000110011
00000000000000000011010000101011
00000000000000000010010000000101
11111111111111111100101101010111
11111111111111111110100111010010
00000000000000000001110101111111
00000000000000000001100001110001
11111111111111111110001110111101
11111111111111111110111111100100
00000000000000000000110101000000
11111111111111111000001000101001
00000000000000000011001000001011
00000000000000000001000110100100
11111111111111111110010011001011
00000000000000000001011010110101
11111111111111111101110110011101
11111111111111111111000111011100
00000000000000000001000111111010
11111111111111111111110111001110
11111111111111111101001001100101
11111111111111111111101010111010
11111111111111111101100100101001
11111111111111111111111010010000
11111111111111111011001000000011
00000000000000000000101011000010
00000000000000000001100010110100
11111111111111110111000110101001
00000000000000000100001000101011
00000000000000000001010001111111
11111111111111111101111000001110
00000000000000000011000111101100
11111111111111111101011011101001
11111111111111111110100101101000
00000000000000000010000001001100
00000000000000000010110100110101
11111111111111111101001110010100
11111111111111111110110001000001
00000000000000000010110010110000
11111111111111111111001011011011
11111111111111111111111111000101
11111111111111111110111011100110
11111111111111111100101011110010
11111111111111111101001101001011
00000000000000000001110110111101
00000000000000000000000101101111
11111111111111111101110111100010
11111111111111111011111000111100
00000000000000000011000100100110
11111111111111111101100001101000
11111111111111111100100101011000
00000000000000000010001101100011
11111111111111111110100111001100
11111111111111111110010101110001
00000000000000000100111001111010
11111111111111111110010000011111
00000000000000000100100100110100
11111111111111111111010010001010
11111111111111111100110011101010
11111111111111111100111111011101
00000000000000000010110011011011
11111111111111111110010000100101
11111111111111111111111100001000
11111111111111111101110110110010
11111111111111111110010110010101
11111111111111111101110100111010
11111111111111111110010011110011
11111111111111111101111101010101
00000000000000000011011101100110
00000000000000000100111001111010
11111111111111111011011000001011
00000000000000000000001000111101
00000000000000000001001010110011
11111111111111111111111011010010
00000000000000000000001011100011
00000000000000000010000100000110
11111111111111111100110111110000
00000000000000000001000010111100
11111111111111111111101110111110
00000000000000000010101011010101
11111111111111111011000000111101
11111111111111111110101101011110
00000000000000000001110010001111
11111111111111111101101011100101
00000000000000000000111011010101
00000000000000000001100110001000
11111111111111110111011000110111
00000000000000000000010010001000
11111111111111111010010010100101
00000000000000000001001010100011
11111111111111111110010100101010
11111111111111111111011110010011
11111111111111111011011100101010
11111111111111111110111010111111
11111111111111111101101001000101
00000000000000000110110000100110
11111111111111111100101100111001
11111111111111111111111001110101
00000000000000000001100000011010
11111111111111111111101100001110
00000000000000000000011101100000
11111111111111111110011101001111
00000000000000000000110000001110
00000000000000000011001101011110
00000000000000000011001110010100
00000000000000000000100001011010
00000000000000000001000110100101
11111111111111111110111001001111
11111111111111111110111001011111
00000000000000000000001100101010
00000000000000000001111000011111
11111111111111111110001100011011
11111111111111111100110101001101
11111111111111111111110011101000
11111111111111111110100010001010
11111111111111111101000110100001
00000000000000000000110001100010
11111111111111111111010000110110
00000000000000000001000010111110
00000000000000000100000010011011
00000000000000000111111010100001
11111111111111111100001011010101
00000000000000000101000100001110
00000000000000000000110110001001
00000000000000000001101101011101
11111111111111111100110101000110
00000000000000000011110110010001
00000000000000000000110011010001
11111111111111111110011001010011
11111111111111111101100010000111
11111111111111111111001110101010
00000000000000000010001000101110
11111111111111111110110000100100
00000000000000000001011011010100
11111111111111111111110100001101
11111111111111111110110000100100
00000000000000000001101101100110
00000000000000000000101100101010
11111111111111111110010011001100
00000000000000000001011011010100
00000000000000000000101100101010
00000000000000000011010011100100
11111111111111111101000101110110
11111111111111111111110100001101
11111111111111111110010011001100
11111111111111111101000101110110
00000000000000000011010100000111
00000000000000000011001011101111
11111111111111111111111010000001
00000000000000000000011111100111
11111111111111111111110010001000
11111111111111111111010101110001
00000000000000000010101000001011
00000000000000000000001100101111
11111111111111111110101101101111
00000000000000000011111101011010
00000000000000000011111001110000
00000000000000000001000101000100
11111111111111111101101011100000
11111111111111111101100011100000
11111111111111111011010100000111
11111111111111111111000100011111
00000000000000000010100110000100
11111111111111111111011010011001
11111111111111111110110000000101
00000000000000000110010000110110
11111111111111111011100101101110
11111111111111111110010101010001
00000000000000000001000001100100
00000000000000000011101101000010
00000000000000000010001110010011
00000000000000000001000010000110
11111111111111111101100011101100
00000000000000000000110101100000
11111111111111111101011100110110
00000000000000000000010111101000
00000000000000000010001010101010
11111111111111111101101010010000
00000000000000000011001000000000
11111111111111111011100101010111
11111111111111111101000101010010
00000000000000000101111001101001
11111111111111111011100101100010
11111111111111111100011000001101
00000000000000000001010101101101
00000000000000000010111011000111
00000000000000000001000100011001
00000000000000000010010001111010
11111111111111111111111001111110
00000000000000000001001111101101
11111111111111111101111010110100
00000000000000000011001011100000
00000000000000000101111111010000
11111111111111111100000111101110
00000000000000000001100000100100
00000000000000000000011011110100
00000000000000000000111111110001
00000000000000000001100010001000
11111111111111111101011011100100
11111111111111111111001010001011
11111111111111111100110011011010
11111111111111111110101100110110
11111111111111111101111111111010
00000000000000000000000100000000
11111111111111111110110011000001
11111111111111111101111010011001
00000000000000000001001010110001
00000000000000000001011011001010
00000000000000000011010011111101
00000000000000000000101010110101
00000000000000000010010011110111
00000000000000000100010011110110
00000000000000000011001110100001
00000000000000000000000000111110
11111111111111111011000001110011
00000000000000000011001000110110
11111111111111111001001111010101
11111111111111111110101111010110
11111111111111111110100111011001
00000000000000000101011101100111
00000000000000000001010100100111
11111111111111111101000110100101
11111111111111111110011011010101
11111111111111111111100000110001
11111111111111111111000101111011
00000000000000000000110100101011
00000000000000000010100110110100
00000000000000000000110101011100
00000000000000000100010100111000
11111111111111111101100101101110
11111111111111111010011101001010
11111111111111111110000011111110
00000000000000000001100101101010
11111111111111111111000000111100
11111111111111111011010110001100
00000000000000000100100110010000
11111111111111111010000100100110
11111111111111111111110000011011
00000000000000000011100000100101
00000000000000000101100010110111
11111111111111111110110001101001
11111111111111111101101101100101
00000000000000000001000001010111
11111111111111111101011011100001
00000000000000000011010011001110
11111111111111111110111001110010
11111111111111111000100000011011
11111111111111111010111011101101
00000000000000000011111110011110
11111111111111111110010001111001
11111111111111110101110100100011
00000000000000000011001010110101
11111111111111111000001000001100
11111111111111111111011001101010
00000000000000001001000001000001
00000000000000000011110110011001
11111111111111111111110000110011
11111111111111111110001010110110
00000000000000000011100011111110
00000000000000000111101001010011
11111111111111111011110010100101
00000000000000000001000010001000
00000000000000000100100100000011
00000000000000000011010000011111
00000000000000000001100011110000
11111111111111111110001000110010
00000000000000000000011000001000
11111111111111111011001101011011
00000000000000000010001111010001
11111111111111111110111100101111
11111111111111111101000000000010
11111111111111111110001100000011
11111111111111111110001010101000
00000000000000000001000010010011
11111111111111111111101000110100
00000000000000000100000101101111
11111111111111111010110100011011
00000000000000000001001100110010
00000000000000000001110101010111
00000000000000000011011011000001
11111111111111111101111001101001
11111111111111111011111011111001
00000000000000000001110000111010
11111111111111111000001010011111
00000000000000000000010001010110
00000000000000000000010100001110
11111111111111111110010011111110
11111111111111111010010011011011
00000000000000000001100011011010
00000000000000000011110001010010
11111111111111111100111110000000
11111111111111111110011010111111
00000000000000000101001110001100
11111111111111111111101010101010
11111111111111111111100000100101
11111111111111111111111100010100
00000000000000000011101110100001
00000000000000000001001111010011
00000000000000000000110101010001
11111111111111111100111011110100
00000000000000000001101011111110
11111111111111111101010000111010
11111111111111111011111001110110
11111111111111111111000010011101
00000000000000000001110101000000
00000000000000000001111111010001
11111111111111111110101001011100
00000000000000000000001000110111
00000000000000000101101011010000
00000000000000000000111011001000
00000000000000000000000011100101
00000000000000000011000001110101
00000000000000000111000100011111
00000000000000000010011001000011
00000000000000000000001000100101
00000000000000000000001001000100
00000000000000000010010001010101
11111111111111111110100010000110
11111111111111111101110001101000
11111111111111111110111111001100
11111111111111111110110011110011
00000000000000000010011000100001
00000000000000000001000000110010
11111111111111111110100000010010
11111111111111111101101010101001
00000000000000000001110110001111
00000000000000000000110000101000
11111111111111111010110000001101
00000000000000000001000110110000
00000000000000000010011010000110
00000000000000000001001100110101
00000000000000000001101001000011
11111111111111111110100111110010
00000000000000000001001011010111
00000000000000000010000010010001
11111111111111111110010011110011
11111111111111111110100001010010
00000000000000000001000110001100
11111111111111111111110111110101
11111111111111111011001111010111
11111111111111111101001011000101
00000000000000000001001110001111
00000000000000000000100100110011
11111111111111111010000101001100
00000000000000000001011011010111
11111111111111111111100100100100
00000000000000000010110110100000
00000000000000000100100011001100
11111111111111111101111101111110
00000000000000000010001010100000
00000000000000000000011110110010
00000000000000000000100011111110
00000000000000000000000101110110
00000000000000000001100111110101
00000000000000000001011110111011
11111111111111111011110111010001
11111111111111111110101001111100
11111111111111111011100011000100
11111111111111111111010101001101
11111111111111111010100000111100
11111111111111111110110100010010
11111111111111111001011100110010
00000000000000000000100110001000
11111111111111111101101001100010
11111111111111111111101011101111
11111111111111111101001000011100
00000000000000000001001111011000
11111111111111111001111010111110
11111111111111111101001111010110
11111111111111111100100111010101
00000000000000000100001011110010
11111111111111111100010011010011
11111111111111111101101010011010
11111111111111111100011100100101
11111111111111111111001100100011
11111111111111111011011010000010
11111111111111111101101110111101
11111111111111111010000011001101
00000000000000000000010101001111
11111111111111111110100101000100
00000000000000000001100001011100
11111111111111111001100100111011
11111111111111111111010110101001
11111111111111111100100010101110
11111111111111111110110111110100
11111111111111110111100110111100
00000000000000000010001010011000
11111111111111111111010001110010
00000000000000000010000101000010
11111111111111111110110001110100
11111111111111111111101100100000
11111111111111111110011110111000
00000000000000000000110111001001
00000000000000000000110011011111
11111111111111111110100110000101
11111111111111111110001100111010
00000000000000000000101111010111
00000000000000000000001110000000
11111111111111111110101001111101
00000000000000000000010001100100
11111111111111111111101100100010
11111111111111111111101000101110
00000000000000000000011010010011
11111111111111111101011010101000
00000000000000000001101010010111
11111111111111111111111010010100
00000000000000000010011111010011
11111111111111111011110111001110
11111111111111111111010101011100
00000000000000000001110000011110
00000000000000000001010010001101
11111111111111111100010011000110
11111111111111111111111000001110
00000000000000000101000010101111
11111111111111111110101100000001
11111111111111111110000100101010
00000000000000000001011000001001
11111111111111111101010111101011
00000000000000000011111110101101
00000000000000000000101110011101
00000000000000000100000111010101
11111111111111111111100001001001
11111111111111111101101011000000
00000000000000000100000000111110
11111111111111111110001111010110
00000000000000000001101000101101
00000000000000000100010010001101
00000000000000000011001110100010
11111111111111111111011000001001
00000000000000000010110100100111
11111111111111111111000011011011
00000000000000000010111110001111
11111111111111111110011000100001
00000000000000000001110011110010
00000000000000000011100001100101
00000000000000000010101001111111
00000000000000000000110011011101
00000000000000000010111100111111
00000000000000000101111110001001
11111111111111111111000111110111
11111111111111111101100001100000
00000000000000000010010101100111
00000000000000000010011000000100
00000000000000000111010100111001
11111111111111111110001011011000
00000000000000000010100110100011
00000000000000000001010110010011
11111111111111111100110111000010
11111111111111111011111011101111
00000000000000000101001001101111
00000000000000000100010101110100
00000000000000000010011010111101
11111111111111111110001111000100
00000000000000000000000000000000
00000000000000000000000000000000
11111111111111111110101000011100
00000000000000000001110100100000
00000000000000000000000000000000
00000000000000000000000000000000
00000000000000000000000000000000
00000000000000000000000000000000
00000000000000000000000000000000
00000000000000000000000000000000
00000000000000000000000000000000
00000000000000000000000000000000
00000000000000000000000000000000
00000000000000000000000000000000
00100010001000101111111111111111
00000000000000000000000000000000
