023333
11111111110100110000000001010010
00000000010100101111111111101111
00000000001110000000000001100110
11111111100111101111111111000001
11111111110100110000000001010010
00000000010100101111111111101111
00000000001110000000000001100110
11111111100111101111111111000001
112333
11111111110100110000000001010010
00000000010100101111111111101111
00000000001110000000000001100110
11111111100111101111111111000001
00000000001011010000000001001101
00000000010000010000000001011101
00000000110110010000000110111100
00000000000101110000000000001011
023333
00100110000000001011100100010110
00101010011111111011001101100001
01110010010001010000001110000011
11100101000000100111010011110001
01011011011011011000111011100111
11001100010101011101000001100000
10011100010011010001001110111111
11100101111010101001100001101110
112333
01010011010111001111101110001010
00011001111011110010001110001001
10011100110100101111110011101100
01001110110110001010001011000010
10000010010111110101010001011010
10001011000110011010101111100011
10011100110100100111110000111111
10111010111100101011001101001111
023333
10000000110101000111100100111001
01110001100011110010111000000000
01111111010001110001001011111111
10110110100010010101111000010010
11101100100010100011000000000010
00000110010011111000011010101010
01111000001100101000011010101001
10111110010011110110000011111000
112333
11000101011011000011111101100001
10011111100010000101100111001111
00110000110001010011001100011001
11110110010100011111101111110101
11010001011001010011111110111001
01111111100011100100000001111001
01010111100101010010100010001001
11111101001010000101101000010011
023333
11001100011010110001010111001101
10000001001011110000100010111101
00000100111001011010000110001101
00111010100000101011110101111111
01100100101110110000011100110111
01100000111101010100110100010010
01010100000100001011100011111111
00101100111001010110111100011100
112333
10111111001100001101000111101010
01111111011111111011010000101110
11010011101111111101001111001001
11110100010101110000011011010001
00111000101101010000100001110100
10110110100111011110010101100111
00111010101000001001010010001101
01111000000001010001010011111111
023333
10011001110101001011100010111001
10101010000110001101111010111111
01001101101111101011100110001000
00000010001101111011110001010011
00100010011010111110001111011000
01101000000011001100001011011111
11011100000101100110000000100101
10000001100100011100011001001111
112333
10000101100101000010100100000011
11011110111100011111010100101101
00010000101011101111101100011110
10110100100001100000011100111101
10101110000110100101101010001010
01010100100011011100010100100001
00110010101000010101110100100100
01001000000010111100100011111010
023333
00000000111000011011011011000111
11010000011011001001011101111001
01010011101111101100001010001111
01101011001001110101010111111010
11101110100001000101000001110000
00101101000000101011110010110100
10000000101111101011101111110010
01001111100101111000111100000111
112333
00101010001011000011011111100001
00000000010101000000110000010011
10101000101101000001010011010000
10010101100001000101000001011001
11000110111001100001000110110110
11010101111110010011011011001010
00111100110111100101111010001110
10110010011101010111111111001110
023333
00001110001000010000001101000011
10000100001001111111001101101101
00011000010101001100100011100101
00000100111011010010000101110100
10110101001101011110110011000101
00001100101000011110111001010000
01101110110000100001010111010101
00001010010100111011001000001010
112333
00000110000010110110100001111100
10010101110001110100010101111110
10111111111001011111111111110111
01100001100111100110101110101001
10101101000000100000100101011100
10011111111010111010111001000100
10011110010111111001100111100111
00011111000100100111100011001010
023333
00100101010011000111010011111010
00010100010011000100101111000111
01111110101011010000100100111000
01001010100010111011001111110110
00111000000100101010000111010111
01010101001100011000100010010000
10011110001001001001111100111100
10011101010101111011000011101001
112333
10101101000000101000110100110001
11001110011001111110111101000000
11011011010001011000011001010011
01101110001010011111011111110011
10111101000010111000011101010110
10011000110101101101010010110000
10101100011110010110111000101000
00101010000101101010100100010111
023333
01001000101111101100101111000010
00011011101110011111100110000101
10111101110000001100001111011000
11110001111011101011000001011001
00111011101001110000101011101110
00101110001101111000110011000001
01100111100000100010001011111011
10000100111010101100111010101101
112333
11001011010101000111001010110011
00110110111000111010100101011101
11010000100101011110110011110111
00101110001111100101010110010011
11111000111100100000101101110011
10111100111110111000010011011000
10010110101010010100111101111111
10001010111000011101011100111110
023333
11111111000101011010000011001111
11011011010111011010100111010011
01001110010100010001011010101111
11001001010010011101010011001001
10001111001010110000011001111111
01111111001101010011100001111011
10001010001100010100110111011001
00100100001101111001101101001010
112333
00011000010101101011111100111011
01001100101011100001101001111110
01011110111001100101010001110011
00110110100010110100110011011111
01111101001001010010011000001101
10011011010011010010001100001001
11101010011110011011100110100000
11100001000110010100000001110110
033333
11111111110100110000000001010010
00000000010100101111111111101111
00000000001110000000000001100110
11111111100111101111111111000001
11111111110100110000000001010010
00000000010100101111111111101111
00000000001110000000000001100110
11111111100111101111111111000001
103333
11111111110100110000000001010010
00000000010100101111111111101111
00000000001110000000000001100110
11111111100111101111111111000001
00000000001011010000000001001101
00000000010000010000000001011101
00000000110110010000000110111100
00000000000101110000000000001011
033333
10111100110100101011101101110110
11001100010011111010001010100010
10101001011000011010111001110001
00001100101000101001111000010000
10110110010101100001111011110000
00110111000101101011110010001100
01110110100111010110101011111110
00110000111000011000111111001101
103333
01011110100101101111000100001111
11110000100000010010010001110010
00000111011100010010001110010000
00110001111101010010100000011111
10101011011100111001111001010000
00111010011000101111001100000101
01001010101011111101111111011001
01110010001100101001100000100011
033333
11000000111011101100011010010110
11010000111111111011010001101001
11100100010010110110011001010110
01110111101000000100001010010001
10110001110000011100000100100001
10010010111110010000110110000111
01010100010100000000110101110000
11010000100001101111100110110110
103333
10011000110011010111011011011101
10111011000111101111110101000001
00101000110010011101110101011111
01010011111011011011000011100001
11010011011011001100100011010001
10010011011000001011101101110111
00101101101001001111011011100110
01010000010011010101101000011100
033333
10001000100010111010001101100011
01000111101000010100110011100101
01000010110011011110111011101111
01010101100010000100111000110100
00111010010001001010001010101110
01111001011001100000111101001011
01010100100110101100000111111100
00110110010100101101000100000100
103333
00101001101100101100011001011001
10000100001011010011111101100011
00101101111100000000010111001110
00001011010110000010001101001000
01001000011110001000110100011010
00001001110110000100110000001000
01101000001110101111111010100101
10010000101101010001011011010000
033333
11011110010011100011010010100001
01100101001100011010010101101110
11101101000010100111100100111110
00111011000001100101111010101111
01011110100001111000110000010111
11001101010011110100001001011111
01101101001001010000101001110000
11010011000010101000010111001011
103333
11000110111101110000011100010011
01100101100011101110101101001001
00010110000100101101011000010100
01010110000010011100101011111100
11110111011001110000110001011000
10010101100111101111011010100000
11100101110101100101111111110101
01001011011111111100100010010100
033333
10011101110111100011000101011101
11101101110101010101100111101011
10101011000000011011011101101101
10101001011111000010111010100110
01111100010011010101110010001010
10011101111011001010110100100011
01100111010110101010010100010101
11101100011011000011000100100010
103333
01110000101100101100001110000010
11110100011110101010010111100011
01111001100110000111100101101001
01010101110111110000010111010110
11101110111001101001001111110000
11101000111110101010000110010000
11101011100100000110110110100000
00100111111000101110101001111011
033333
10110001111011000011000101010110
00001011111000010110001111100101
01011001101100101000010001011000
11110011111100110100000100101011
10011011011011110110100011101101
00111111000000101010010011010010
00100000000111101101101011111000
11011001000000010010111000011010
103333
10000100000011110000001001100001
01011111111010100101011011111010
11110100100001010110000110101000
00010001011111001000101001010010
00010101000000011001011110111000
11010000100100011000001111101001
00011010111001010011001001010001
01001100000111111101000010101001
033333
00100100101000110110101001011101
11101110101011110101011110101110
00011000110010111011000100000111
01000111111000101111000010001111
11010110001111110110001001011100
00101000111011001011001110111010
10011101000001101101110000011111
00111100011010000100011001111100
103333
10111010110000000010000010011100
00001110001101001100111010010101
00010110001100000011100111000101
11111111101100010101100100011011
01110111101010010000111000000010
10011110011101011010100110100101
01111000100001001010011011110000
11110101000001000110001011001110
033333
01110011111011011101100000000001
00101111001011010000011011010100
00011111010101001011110100111111
11000111001011011101111001011110
11010100011010010010001000110100
01111100100110010011000110110101
01111101101000011001111100011110
10001111011100000101111111110110
103333
00001100110110001010010000100001
01111011001010111011011100110110
11010101001011001111001001011111
01100000100011110110100000111100
01000111101101110010011111011000
10010011101100000111000111000111
01100011010110010101111110110110
00010101010011010110111110011100
033333
10000101010110000011000010001011
11101101100111111001101100101100
01101100001101011110001111001110
11100111001110100110011010010000
11010111110000011011100011101001
10110101000110011000000000011101
00100000110011010001000111110101
11111100010001111000100011101110
103333
11110100001111001100001111100001
00000111100110111000010111001101
11100111100111101111001111010100
10101101100110000101100111011101
01010101100110110100011111100110
11010000101011011011000011100110
11001100011011000000110001100011
11000100101110111010010000100000
033333
11111111110100110000000001010010
00000000010100101111111111101111
00000000001110000000000001100110
11111111100111101111111111000001
11111111110100110000000001010010
00000000010100101111111111101111
00000000001110000000000001100110
11111111100111101111111111000001
133333
11111111110100110000000001010010
00000000010100101111111111101111
00000000001110000000000001100110
11111111100111101111111111000001
00000000001011010000000001001101
00000000010000010000000001011101
00000000110110010000000110111100
00000000000101110000000000001011
033333
11011001010001010101000001111110
11001010100000001101001001001101
00001111010100000110011111110101
11101000111000001000111011100000
10101001001001100001000010110011
01000001000001001001011100101100
10000110111011000101000001111110
10010011101100011101110010010001
133333
11001000011010001010000110110001
11110100010000001000110111001111
11011100101011011101101011100010
01000100100111001110011000000110
00010001101001001110100101011101
00101110100110001011000100001100
10010010111110111111110001011111
10101001111110100011000111111011
033333
01101001000110110000011100110011
00110011111110011010001010111101
00000011010010011110110110101110
11110011011001110101010100110010
11111110000111110001001100010100
11111100000110100101101100111110
00010111111011000000101001010101
10010110001101110010101011101001
133333
11001110001010001111100101110011
11101100110000011000110011110010
10011000011100111000110000110011
01110010101001011110011111010010
10101000110011111001000001101110
11011101011100010100001100011101
11101010111110000000111011000100
10101111101011010011000010100111
033333
11110010010101110101011110000110
10100010001111011001000110001000
01111011110000011001111110101100
01101100110001100111011011011111
01000000100000110010111110100101
10100000010101100101010011110011
00110001010100011100010101011011
01111011111000011100000101101001
133333
01100000101011110111010000110000
11110001011110100111101111001101
10100010010111111010110001110001
10010110001110001111001100110011
00010001111000111000111010011110
10011010111000100011111010101100
11011010110011000010000000010111
11001100110101111001101001110011
033333
01111101110010100101110101111110
11110010010011100110101101001010
10001001000001010000010010101001
00001011110101100001000010000011
01101110000000100101001101001111
10101011011000111101111000001111
00101110110100101110110011101111
01001101110110100001110000100011
133333
00100000110000101001001000110000
10101100010001111101001110001000
00000100101100111101110111111110
01111111101001111110001001101001
10000111011100110101001101110100
01111111010101010011011001000010
01001100101010000010110111010001
11011001100011100110010010000011
033333
01011011011110000001101010110001
00111111010101010101110011010000
01010111011000110001001000111101
01010011111110000101100100011011
10011011111010110011111011010010
01101101000111100000111010100001
00010001101000000101101110110001
10001110111011110100101110010101
133333
11100110110111000000010011000010
10000001100001010010111110010001
10111111100011101100110110011110
01001100001010011010000000010001
11110001000000001110001110010011
10001100000011010010110100001110
00011110001001010000001010001011
01101001110000011100101111010001
033333
10100001001001101110001010100001
00100001110100010011101010100001
00111100010011000000100111101101
10101110000010001111010011000011
00010101011100011010000001110111
01000111100001011100001000000000
00001001000111010010100110100110
01001001001001111101000010110101
133333
01011010111001001110011110010011
00111011010000111000101000110101
10100111100101000011001111110100
11110011111100110101010100110111
11100101100111110000101001111011
00111111111100010010100101000001
10111000001111010100001110111101
01101110111000010001100101100100
033333
11010101011011001101011010110011
00111110001100001001101010100000
01001111110111111100000111010111
11100010111001011010110010000011
00010110111011110110110001111101
00101110000100100010001100110100
10101010100111010011011101110100
10111101100011101011010111010010
133333
11110011111100111011101101010011
00010111110001011101000101000000
11100011111100110101100100001110
11111111100111100111101111110111
10100010100100101111111011110100
11111110001001000101010100011011
01101100010000101000110111101000
11101010111101001010110110101111
033333
10001001010001001000001000111110
11010101010101010011100001010100
00001010001101010010100001110111
11110111000001011111101111011100
11011010101111100000100011100000
11000100111000011111101100101110
10001100100000110110010100100111
00101000000110011101101011010000
133333
01100110001111010000110111111000
01111111111100100000001110101001
00101011010011100010101110111111
01101101111110000101101101111011
11000010111111011011110100011111
11110011111111010001001000110110
11010100011010110111110110000110
01111001000000101100111100110000
033333
00101111110111001011001111001100
10110100001011100011101110000111
10011001101101010100001100001111
10100101001111000001111010010111
11011000101001000011101110001011
00010111100100001000110011001010
10100110110111001111110111110010
00010111011101010111100111001000
133333
01010001010000111100110110011100
00101111001110110011110101011011
10111001010011011101111011010011
01111110001010110001011001011110
10010101000011011001101010010111
11000111101011100110001111110000
01100001001011011001111000010010
01101101011000011000110110000000
033121
01011001110100110100100101010010
00010010010100101111010011101011
00101000001110010100010101100110
01111111100111101001100111000001
00100011110100110001000001010010
00010010010100101110011011101100
00001000001110000000100101100110
11111111100110100011000111000001
